69137167 2028793938 1447453447 1089413124 862133734 1369752216 358581856 1385322789 2019149371 1175243634 175482368 1524424085 2073398668 498413550 562245453 400506900 380270086 729266972 577183941 2116563418 956744887 1481805584 2062766580 21986172 297574632 1688228201 148344577 196434498 2007533402 200168183 505106766 775239392 228089938 1140130453 233315060 1407866679 550936600 1362216687 1944411168 47361850
307345474 1044473617 686673305 1771163611 92040342 856712982 754478209 1127572478 1014304994 696251904 1854951697 66464766 1867502249 183979089 1599699408 1794724230 1131247650 1783654275 1244330409 294304887 327644793 904769863 755083929 1641942074 141882677 254585591 523644002 1014645755 528737086 1618419531 1635272362 32736383 549699625 986556750 1113099885 2013309174 1739343327 2139870358 131279536 1367261771
10787665 564673827 1319557544 1055301319 1759974729 791700341 1019284748 119467037 589851120 1478252720 1610841691 1392875933 938633122 803417974 1348897705 608307172 497620548 1094312452 1351351766 1387599854 301274333 1863485976 958261170 1839871940 133495101 1862918769 963685484 282112787 544496026 381760314 2023283478 51836092 932121268 1699586013 840840528 2128916604 1348928571 1521608764 1691674941 1709925443
1993638281 1539864625 992407400 190424672 363011005 1168152960 971767804 1931462126 1092214323 1848425555 818524740 558603177 140314991 996341460 442010402 1905342409 1470386782 1155965113 392644422 1785407279 1163550725 953178074 2055096512 991388858 1534940795 1385958727 1552441128 987983223 1526789980 1340276777 1260042058 1907904076 124836634 140462588 2040405848 796925268 759444550 2048553561 1552888951 1210119251
1480947360 653501215 1062906548 1530050667 1537850665 2098801277 917343153 1727862366 906007530 1510190752 499016498 1068949168 630680369 1689228192 1558768285 1722158362 674715185 1860037537 2062205245 505040640 960932245 1602383889 132826774 552565976 62305976 96204704 1449040793 400011675 1501522294 1087381242 87016582 873984160 421611089 196635059 867115977 115142989 1717102720 1907477121 2817323 1510459173
474432435 748606231 386355339 198305142 1524324887 843317104 1625380221 1285004744 1832252954 240755453 1564570100 463583720 2077915259 557743880 65893347 1249019411 542945843 1035517167 2105808861 1908290404 1093571175 509713017 178425973 1017052698 1877220722 1001320153 57720599 1933075528 494702896 22362620 1786478496 1738746569 1165992406 278983453 1230946703 1165705423 1730361336 170292668 559504331 1408384843
1322975964 1968494954 1385721608 430590361 488707487 1780392061 694934818 1666631867 364334472 659232121 927357030 970786806 1727506468 728890929 1233606463 1443556520 704507949 936672821 1415090394 757244241 936215023 1517721632 286814629 40577736 960055738 2079359314 1507709657 1831205910 474176701 1459861725 26841625 1030413291 1137172985 1019802999 189725012 527842014 871668403 1636887838 361153247 1356961477
591968777 190038133 1863794925 724618282 1854793839 2019447531 1239435370 390554101 730321964 1677463089 649821613 2021535580 1542936734 766900436 1443412936 1445180738 1617801308 240116198 757791771 2114459556 496186350 865704782 1358910454 1819298926 195174212 741843286 372363234 801369448 150883604 750266508 1794140442 1963065996 1366108450 488699497 522709791 801348692 931352924 2050237503 98642559 196034714
1905403686 806509020 1625815842 2129278539 43024333 1573201688 1506469537 238340007 1844999107 922533412 905675531 666015617 1707693893 2138009580 633549520 1822398231 1590616893 1106436871 787230078 944547981 1119474132 1275948281 2030699822 754412011 1067157939 463587838 1173078351 1582205379 1063397395 240420263 918573369 160728168 291182010 99687671 924675916 1778531454 220475346 1251823008 1124399946 38282297
1312605955 911598499 272296893 1240820658 246645603 1647559083 2092258086 540185825 552818280 2047449054 833406873 613361466 1725574222 278144821 1129053451 1447787909 1368640134 1007344320 398676879 1313903505 973175482 166055946 1601902019 540131176 247733604 363076650 628161164 840017099 2104835811 1756301707 1978471795 241688535 1466881673 2051381204 595528205 1154620371 2103863945 529472086 1105546239 571196283
990276204 2032798144 718106068 724405817 1675103423 1513534931 174961430 1841668933 852197248 1980264486 1747139538 1317564602 1259754350 1711910736 347112054 1829262113 709949552 645021613 227188087 1790423184 353903427 799962591 1433546198 694067100 1010015256 417970745 1598357303 582659648 46070830 132812314 1657223098 224593630 1700234851 1243050055 373687765 1658597749 629855846 1046805053 175912085 722145935
1612406080 1709299427 269772734 1031986222 2742527 596381512 1416016495 332825597 908097867 1061811369 2004981620 73512282 251034476 43336832 167507226 1221337164 1234094835 473654630 1348283482 726582338 2123604006 1864700153 1169088247 1357274755 306275799 1983363402 843473867 1296316059 645929627 831386778 1542860735 1112709078 1738820570 1712279170 1610304916 784122568 1799076205 54979545 1167958495 10185195
194716871 1274596374 1539514762 1575247515 564700207 845897182 2043391053 632291063 1718851649 1387449143 1609647507 1057989649 103375127 963093530 375657777 585904752 2099436386 1061097322 1185258018 789619973 936026313 1327116741 1894117663 88867925 126610965 1410907091 345331935 1531427321 899082369 1202662246 1287689369 179953862 1169365418 1033515586 1821129699 1447041524 1155013237 368840600 2044440114 1192338406
1677691250 544723713 1841628709 2131440265 2071536886 1567272764 22077785 808489355 1808213409 705888882 1599747603 1846159314 1491756764 17359764 76412447 923510762 261650676 1719834692 1917473357 1004225877 1996260910 1505208726 1346796825 384809023 810355797 118536946 1691435023 171222775 398523165 622477394 84532450 626230999 1774928205 424427633 1837063526 1931202270 1271334163 693618016 703313509 1912163709
1936207066 1791545528 770197393 914740769 587398327 2017237541 1221172153 1566643294 645764074 1946178710 1982094640 452842082 643289544 1498863876 996532656 835305551 827791298 1460162895 1020876647 2055911938 91264968 553240192 1296918762 1354238508 1160818902 1047516712 1853264750 1374477336 268457264 1905076198 109517888 138641614 221934491 504887820 885201472 1304174880 1748974197 1527092531 384381807 1313838739
1873421267 1913070074 825855396 1430161988 8580151 417631329 1851409393 702686687 1703708521 890586692 48366348 1649363813 166816549 1478055989 513787422 1902365546 1929655646 1242640307 1988011923 1098993371 2080618930 1625642848 640927163 1298843455 889995141 868365952 68767441 1881420803 1112853391 135758279 1273809181 1421974579 1726510498 1460950532 1108032997 132346648 1440988842 751752369 275314827 172864376
1680316278 786133341 1307832086 1384343474 1975578153 1522501743 325506671 1436398926 344777878 2055313439 631024284 490717221 23132840 1727653692 1293628424 468723365 1236383080 2102685302 429541417 348179766 1023996189 1557051572 1403542289 962235798 2025342811 563728434 198202444 923172999 2059390234 711464227 23930512 1247428917 825781874 1513920206 899960251 1246843155 195341700 1162892137 1546271315 724661056
680742036 1965297133 1846090012 1338999218 1309951312 1391033887 931688859 357899719 246452293 2029507096 1700322932 1987162816 434639877 1373188175 919429628 2023397319 24836173 473373299 1810846679 389506777 1386077622 1394968536 741119486 7359999 1318906082 904102970 483166262 674962098 1374600078 1588117017 739193345 309407187 437581056 428607916 1991412214 814268761 1413746537 2026026005 648217604 200654115
2032411611 1748938395 1043244325 1206426543 1595121047 1942709418 1753262275 13661859 613718141 79018587 664079302 1711294488 1894735299 947888163 1648678632 113818923 1058216662 1124800539 394482931 983788859 145173871 1087940030 589245539 865763869 121190543 2131464993 1350202802 626371994 1737300642 1706689070 1046368404 555415642 1396143923 1747158000 115095950 918821094 768040645 1824742266 606317610 20744039
772753652 1611773850 36890764 221608409 959059562 1656264079 25729134 1856605138 1239405967 1014859286 443664342 575625035 740937602 1853369466 907495460 652641545 1599058677 625627464 332372611 976012304 1073171866 310367006 777336961 1962404555 2039991399 1084087015 1538556226 634578297 901941766 1287840012 921406576 2106746091 1288543111 979248396 944735388 1195667356 1071337860 11069821 293773277 443688874
